[  23425254446.843452  23720608335.987915  29147730525.213814  15596937896.584743  27782745139.443947  9862028446.045406  20173884508.677410  20913261005.398201  15665465451.128338  13101437721.545235  18499818829.420498  18678461315.811794  21838106043.480503  ]
[  30271462979.625370  28949618247.839821  39893102350.945663  25012075142.833080  28688321298.619778  17874607049.378960  20330739919.704357  30461222536.072937  19201344866.742599  12787082148.351429  15184922661.306728  21918692180.432674  25202271596.486931  ]
[  26890804644.598877  32461148183.348930  40584025766.351936  29482151728.115719  32385981746.335960  15489664539.354574  16145597194.058359  28423381578.768661  19796924908.991909  14909453952.001453  14063527947.733938  21490518306.762577  20349191812.595997  ]
[  26210734157.723408  27301122238.472641  35815511287.051941  25134594701.270184  31117517385.940960  15557096981.009825  19408623188.082611  32426728738.694668  18169888065.633221  12230591660.995224  16232720540.461624  18825496300.175976  26758244352.733528  ]
[  31919574520.128029  33773388187.872013  44918355069.489273  27340006902.294834  36484414814.385040  16449105333.272038  23134681519.377041  29773643209.214008  22790700779.264893  17149100401.442905  20080148692.415344  25434016651.783676  28977118062.459991  ]
[  19703566322.413784  17416067394.086575  28061791153.927917  16221753143.503956  22169624185.738121  7955775661.340721  13574757219.542149  13711498760.069456  16421539043.268440  9309156406.283732  10503586895.114502  14143676094.228203  18586568086.659679  ]
[  33810859480.745518  39078972615.064880  46346754192.639008  28863930030.210320  45188214328.581787  16191879424.726749  28211971413.495956  36091748173.237160  24045530179.161793  20781365260.595840  27427723146.196407  28067461434.191849  33800445248.115593  ]
[  29375415236.231441  29791853811.049801  39726308332.171577  28168160469.785961  39178144468.724480  12047850665.328594  23023958913.027092  29379323792.536072  23737349669.650902  15087132877.829184  19574468674.450630  20772602923.913292  28046855085.254196  ]
[  40133684164.242249  40496122766.769455  52447201433.991043  34465759148.910248  43628878134.312195  17612499542.986362  28630930808.174469  32376323393.809654  28401662396.618629  20223723731.818085  22599891614.614346  30270096582.265507  27543826968.527245  ]
[  23210062929.420776  27778472278.501003  33412973082.830505  21029039507.418205  29504801205.479271  13106259723.997181  19683786569.753181  25539099295.963829  15758416197.937065  14818218476.317696  18667491345.620491  20672410262.362679  23829088181.076260  ]
[  43618873869.129318  42683432248.515976  54928723495.979401  35015485898.867577  48428108777.872543  20876352387.469151  32971826610.071182  42605826438.045242  29464820370.655975  20596904197.404202  27151442643.498478  31486791762.715569  36714478279.332077  ]
[  39084840319.843857  38349498754.176949  52084541536.199051  32524536714.286407  42353225280.540375  18805370756.450287  32613231048.220982  33128129072.510506  27199786718.513401  20693986140.620483  25815664899.849480  31403215543.472595  34388122298.953018  ]
[  24333841240.920780  28179595573.045479  30564227629.658188  23177429809.166786  36120749327.007126  9229669501.876501  24334801594.401821  26943926915.919968  17881939912.960754  15653013069.563255  22489817406.947655  19739499122.980106  22982591139.235916  ]


